K000694	-2.475	4792	1.341	-0.19	10.332	243.64999	-11.615
K003358	-2.186	4982	1.457	-0.232	9.764	223.161	-3.904
K003366	-1.926	5336	2.714	0.078	10.32	225.304	-6.138
K003945	-2.475	4708	1.152	-0.379	11.356	191.39	-15.901
K004151	-2.774	5050	1.817	0.535	10.047	245.213	-9.2159996
K004680	-2.384	5333	2.919	0.365	11.317	206.51401	-5.4039998
K017705	-2.672	4515	0.352	-0.696	9.095	227.14101	-14.988
K019741	-2.571	4516	0.861	-0.396	9.487	238.60001	-15.809
K027331	-2.027	5216	1.85	-0.094	8.214	247.23399	-10.249
K027890	-2.01	5059	1.529	-0.25	9.413	178.535	-12.915
K028901	-2.483	4700	1.056	-0.304	9.867	214.57001	-12.135
K030808	-2.244	4746	1.319	-0.039	9.192	230.293	-6.1329999
K032942	-2.852	4878	1.349	-0.527	10.439	199.946	-4.3860002
K033159	-1.684	4983	2.019	0.065	10.376	197.45399	-9.427
K033501	-2.157	5083	1.856	0.465	10.355	322.927	-14.986
K034712	-1.942	5195	2.719	0.224	10.614	246.651	-3.5580001
K035766	-2.044	4931	1.423	-0.248	9.724	307.439	-12.823
K037301	-2.934	4621	0.862	-0.427	9.873	204.881	-12.956
K037387	-1.925	5365	3.154	0.337	10.408	210.118	-10.078
K037472	-2.228	5019	2.217	0.5	10.083	306.03101	-12.364
K039598	-2.259	5347	2.722	1.242	10.181	239.696	-3.664
K040795	-2.625	5006	1.287	-0.398	10.61	226.127	-11.145
K041221	-2.476	4993	1.675	0.086	8.928	317.32599	-13.168
K041686	-2.444	4587	0.715	-0.408	9.523	344.10599	-7.3319998
K041854	-1.875	4776	1.271	-0.266	9.654	332.23499	-6.638
K042155	-2.508	4951	1.685	0.255	11.184	13.582	-6.1989999
K044440	-2.627	5010	1.945	0.488	9.703	314.70499	-3.9089999
K045002	-1.859	5423	2.977	0.244	10.082	351.242	-10.268
K077236	-2.607	4420	0.322	-0.862	7.798	319.091	-2.2279999
K086681	-2.682	4575	0.319	-0.794	10.03	205.11301	0.268
K087876	-2.327	4722	0.959	-0.384	9.874	312.65399	-2.6719999
K088515	-2.084	4829	1.55	0.004	9.898	196.868	-9.5209999
K091596	-2.185	5016	2.065	0.29	8.48	314.03799	-13.522
K091707	-2.274	5019	1.432	-0.327	9.077	315.159	-5.6550002
K091737	-2.632	4656	0.844	-0.843	7.923	327.89999	-5.7280002
K093396	-1.688	4953	1.753	0.001	8.756	356.668	-8.6309996
K124206	-2.382	5278	2.526	1.223	8.106	178.40601	-2.01
K129514	-2.156	4648	0.799	-0.321	8.254	13.366	-2.888
K130233	-2.685	4835	1.57	-0.099	8.899	311.39401	-14.521
K144703	-0.735	6295	4.092	0.17	10.472	35.228001	0.128
K156415	-2.176	5393	2.941	0.447	8.433	176.186	-11.471
K156640	-2.735	4845	1.324	-0.622	7.994	242.463	-9.6879997
K157339	-2.564	5169	1.856	-0.526	10.275	239.62399	-12.409
K157667	-2.462	4779	1.108	-0.148	9.706	216.44501	-15.135
K160774	-2.51	4832	1.376	-0.107	11.044	233.09	-12.582
K161325	-2.165	5034	1.803	0.18	10.992	315.733	-8.4610004
K162657	-2.563	5129	1.809	-0.356	9.854	222.71899	-11.623
K166628	-1.529	5241	2.606	0.042	11.234	316.76401	-11.876
K166641	-2.286	4669	0.836	-0.368	10.996	319.116	-13.536
K167140	-2.409	4823	1.369	-0.126	10.222	0.101	-11.129
K182102	-1.443	6177	4.106	0.216	10.3	55.648998	-8.7419996
K190792	-2.643	4679	0.641	1.701	10.47	240.89301	-6.3940001
K193062	-2.447	4632	0.76	-0.501	10.84	236.981	-15.729
K199685	-2.76	4636	0.777	-0.333	9.217	176.17	-4.164
K207466	-1.966	5912	1.89	0.321	11.036	236.903	-15.413
K208544	-2.208	5348	2.862	0.341	9.373	309.90601	-10.572
K209216	-2.154	5391	2.139	-0.242	10.263	249.364	-6.8109999
K213182	-2.408	5068	2.136	0.33	11.099	7.7199998	-10.118
K214425	-2.134	5103	2.702	0.359	11.226	0.963	-12.532
K214694	-2.515	4943	2.042	0.118	10.938	306.99799	-14.102
K237092	-1.766	5325	3.175	0.185	9.455	310.04599	-10.924
K238545	-1.752	5266	1.626	0.127	10.386	320.02802	-12.471
R026115	-0.77	5971	3.085	0.161	11.664	159.30099	-11.2
R026226	-2.376	5001	1.678	1.461	9.529	147.341	-16.289
R026431	-1.875	5338	2.194	0.443	11.486	146.924	-3.0220001
R026509	-2.707	5080	2.794	0.375	10.911	148.19501	-8.9320002
R026553	-2.242	4776	1.107	0.703	8.863	152.00301	-10.148
R026608	-2.062	4799	1.762	-0.484	10.604	149.588	-3.3989999
R026845	-1.713	4956	1.718	-0.136	11.256	199.91	-27.104
R026978	-2.053	4723	1.581	-0.097	8.97	228.989	-10.906
R027245	-1.26	6654	3.726	0.292	9.493	151.216	-13.688
R027588	-2.508	5140	1.586	-0.194	12.062	221.728	-13.526
R027926	-2.2	5172	2.417	0.833	11.049	215.862	-28.572001
R028247	-2.378	5080	1.722	0.401	11.234	158.21201	-24.813999
R028273	-1.928	5326	2.999	0.448	10.987	179.79401	-16.07
R028611	-2.474	4523	1.445	0.09	11.052	304.42499	-34.724998
R028649	-1.593	5503	2.867	-0.197	11.455	308.76099	-33.775002
R028748	-2.303	4537	0.874	-0.341	10.401	158.183	-16.246
R028770	-2.081	6037	3.46	0.386	11.84	160.49899	-18.209999
R028790	-2.465	4563	1.224	-0.555	10.933	199.731	-29.834999
R028844	-2.183	5513	2.816	0.017	11.301	199.55901	-26.371
R029067	-1.651	5657	2.927	-0.245	11.326	156.87199	-7.402
R029245	-2.552	5094	1.764	0.467	10.494	219.48801	-28.032
R029301	-2.341	4793	1.67	-0.057	10.721	222.81799	-29.108999
R029573	-2.231	4697	1.008	-0.367	9.226	193.54601	-28.83
R029846	-1.944	5107	2.271	0.372	11.045	192.931	-30.767
R030139	-2.343	4470	0.971	-0.481	10.717	220.11	-4.4089999
R030563	-1.862	5555	2.804	0.538	10.694	167.201	-14.96
R030601	-2.642	4522	0.908	-0.807	10.55	211.052	-25.874001
R030632	-2.714	4582	1.926	-0.266	11.016	209.92999	-24.283001
R030669	-3.446	4734	0.173	-0.246	8.754	214.17	-24.367001
R030704	-2.035	4536	1.669	-0.364	10.626	212.744	-27.761
R031108	-2.731	4412	0.259	-0.614	11.017	302.77301	-24.103001
R031226	-2.249	4550	0.536	0.222	10.828	318.85599	-15.059
R031484	-2.699	5153	2.273	1.148	8.978	188.959	-31.52
R031999	-3.295	4318	0.572	-0.224	9.87	212.85899	-11.629
R032088	-2.325	4437	0.58	-0.551	10.095	307.29901	-14.441
R032139	-2.155	5329	2.893	0.198	9.424	309.90601	-10.572
R032143	-1.891	4754	1.294	-0.137	10.894	310.37701	-11.532
R032581	-1.776	5491	3.026	-0.189	11.874	215.571	-13.015
R032852	-1.736	5776	4.138	0.281	11.571	323.12399	-64.614998
R033050	-2.159	4810	1.317	0.132	9.358	314.103	-0.37
R033088	-2.361	4903	1.889	0.062	10.868	315.263	-3.5409999
R033093	-2.516	5007	2.246	0.383	9.768	314.70499	-3.9089999
R033373	-1.883	5012	1.633	0.318	9.776	175.541	-31.43
R033557	-2.325	5306	3.128	0.742	11.016	209.39799	-30.547001
R033567	-2.656	4808	1.6	0.03	8.826	210.786	-32.234001
R033583	-3.438	5195	1.252	1.085	9.947	210.89799	-33.59
R033673	-2.04	5111	2.272	0.344	9.17	312.82599	-6.434
R033771	-2.096	4793	1.618	-0.075	10.57	314.61801	-17.965
R034286	-2.003	5284	2.588	0.091	11.246	191.05701	-34.113998
R034537	-2.347	4428	0.788	-0.691	10.002	305.646	-17.445
R034624	-3.098	4474	0.362	-0.823	9.861	320.94101	-8.6630001
R034688	-2.787	4533	0.519	-0.755	10.993	324.284	-9.46
R034747	-1.371	5715	4.309	0.274	11.066	332.26801	-12.238
R034986	-1.699	5487	2.753	0.433	9.9	179.32899	-1.034
R034991	-0.228	4079	4.212	0.383	10.544	177.981	-1.526
R035066	-2.24	5350	2.866	0.136	11.503	192.666	-3.1300001
R035090	-0.804	5072	4.645	-0.213	11.593	195.17799	-5.901
R036085	-2.582	5108	2.082	-0.085	10.895	301.90399	-63.613998
R036119	-2.084	5046	1.565	-0.431	11.294	312.233	-65.272003
R036435	-1.552	4798	1.881	-0.096	11.458	187.377	-12.236
R036571	-2.559	5131	2.416	0.384	11.189	210.843	-20.723
R036601	-3.151	4643	0.442	-0.492	11.062	211.98801	-17.285999
R036703	-2.597	5254	2.467	0.413	11.472	185.687	-14.895
R036735	-0.208	4079	3.153	-0.487	10.894	186.336	-17.83
R036793	-2.142	4927	1.321	0.033	9.281	195.575	-34.359001
R037017	-2.239	4750	1.616	-0.129	10.179	309.66101	-36.236
R037538	-2.275	5274	2.852	0.705	11.937	307.897	-31.459
R037646	-1.635	4612	1.328	-0.447	9.739	338.23999	-49.712002
R037692	-2.212	4973	1.937	0.128	10.831	341.60101	-45.555
R038993	-0.504	5566	4.514	0.088	11.257	36.417	-10.615
R039034	-1.886	5372	2.006	0.472	11.363	40.196999	-13.651
R039041	-2.01	5964	2.579	2.03	11.976	40.044998	-14.275
R039091	-3.14	6991	2.392	0.378	9.858	274.98599	-17.142
R039181	-2.354	4820	1.828	0.033	10.59	314.14001	-68.945
R040332	-3.364	5903	1.368	-0.75	7.35	275.25101	-17.152
R040340	-3.73	6775	3.772	-9.999	9.22	274.185	-17.818001
R040358	-3.078	5956	2.45	-9.999	8.208	272.92999	-15.583
R040364	-3.022	6078	2.186	-0.84	7.818	273.23401	-15.192
R040367	-2.864	6847	1.783	-0.335	8.722	274.914	-16.021999
R040380	-2.831	5529	2.158	-0.844	8.479	274.86801	-15.313
R040424	-9.999	-9999	-9.999	-9.999	8.759	275.85699	-17.124001
R040427	-3.24	6773	2.154	0.005	9.148	275.76001	-17.231001
R040507	-2.52	4633	1.157	-0.284	10.92	333.67999	-48.051998
R040732	-2.142	5092	2.133	0.483	10.969	58.827999	-35.681999
R040769	-1.784	5110	2.242	0.299	11.31	311.08499	-57.056
R041042	-2.042	4820	1.287	-0.036	9.333	25.302	-23.48
R041085	-2.538	5573	2.201	0.086	9.693	55.742001	-30.789
R041746	-2.372	5372	2.966	0.018	11.079	344.09601	-43.662998
R041769	-2.598	4510	0.854	-0.609	11.249	345.884	-42.005001
R041857	-0.85	4198	2.309	-0.824	9.058	22.165001	-14.968
R043231	-2.365	5029	1.642	-0.166	8.335	353.26401	-44.619999
R045493	-2.242	5413	3.453	0.395	10.985	82.823997	-58.167999
R045655	-1.934	5284	1.98	-0.147	11.061	15.912	-10.407
R045808	-1.791	4172	2.425	-0.814	10.651	57.298	-14.465
R045822	-1.112	5877	4.128	0.243	11.21	56.493	-13.711
R045956	-1.638	4122	0.464	-0.463	11.151	74.632004	-6.171
R046895	-1.867	4792	1.561	-0.136	8.638	35.693001	-51.842999
R047391	-1.395	5304	2.18	-0.009	11.735	165.33501	-26.67
R047882	-1.943	5541	3.633	0.469	8.796	90.447998	-59.863998
R048004	-1.918	4192	0.381	-0.825	10.938	157.463	-4.5359998
R048045	-1.872	6353	3.863	1.499	11.96	161.04601	-3.9820001
R049598	-1.978	6244	3.409	1.455	11.96	161.04601	-3.9820001
R049972	-2.184	5267	2.76	0.38	11.703	162.341	-11.905
R050084	-0.18	5831	3.862	-0.088	12.145	172.842	-15.081
R050128	-0.519	5014	3.243	-0.234	9.821	175.455	-10.99
R050153	-2.621	5315	2.56	-0.001	11.666	176.142	-13.526
R050161	-0.78	5993	4.18	0.054	11.445	176.849	-15.082
R050238	-2.11	5169	2.535	0.583	11.584	202.576	-21.937
R050629	-2.388	5138	1.716	0.016	9.549	188.49899	-29.735001
R050691	-1.771	4852	1.573	-0.252	9	94.214996	-78.439003
R050780	-2.634	5180	1.829	1.388	10.804	169.80099	-16.163
R050988	-2.143	5156	2.392	0.496	11.559	188.17599	-21.599001
R051178	-1.742	5254	2.166	-0.221	11.526	181.70399	-25.691999
R052110	-2.051	4820	1.522	0.051	9.976	189.45599	-9.8249998
R052118	-1.663	5446	3.056	0.648	11.275	191.407	-9.4510002
R052124	-0.076	5260	4.181	-0.283	11.17	192.078	-10.226
R052170	-1.735	4768	1.463	-0.088	9.707	192.395	-14.16
R052189	-2.872	4831	1.402	0.195	11.538	196.339	-11.623
R052288	-2.327	4026	2.598	-0.852	3.811	238.784	-3.984
R052708	-2.276	4809	1.317	0.161	8.97	228.989	-10.906
R052750	-2.085	5035	1.956	0.252	12.137	168.034	-4.8109999
R052808	-0.827	4124	2.466	-0.857	10.994	170.571	-5.2779999
R052860	-1.778	6246	3.83	0.706	11.614	173.784	-11.224
R052876	-2.22	5144	1.87	0.601	11.361	174.054	-12.804
R053062	-2.359	4379	0.561	-0.701	7.937	205.55299	-14.293
R053082	-2.17	4610	1.27	-0.158	11.144	205.888	-17.285999
R053486	-1.434	5912	3.896	0.141	11.174	173.702	-7.6820002
R053611	-2.018	5078	1.944	0.214	10.525	183.909	-19.785999
R053766	-1.183	4941	1.778	-0.039	9.039	234.50301	-17.294001
R053867	-2.166	4699	1.078	-0.112	11.447	250.01801	-0.911
R054227	-2.277	4881	1.757	-0.084	11.403	191.39101	-15.901
R054240	-2.226	4978	1.922	0.31	11.181	192.12199	-16.459999
R054638	-1.978	5474	3.237	0.336	12.065	194.942	-22.306999
R054641	-2.622	4927	1.934	0.605	10.066	196.017	-24.143999
R054726	-1.435	6117	4.386	0.242	11.792	206.345	-16.851999
R054776	-2.278	5286	2.562	0.473	11.688	226.929	-16.438999
R054815	-2.433	4913	1.418	0.359	11.076	230.606	-17.256001
R055066	-2.612	4567	1.458	-0.502	10.631	312.20999	-73.695999
R055537	-2.101	5326	3.138	0.279	10.999	209.75101	-6.7750001
R055563	-2.117	5173	2.085	-0.271	11.789	208.731	-9.21
R055856	-1.43	5250	2.559	0.17	11.062	140.84399	-7.8600001
R055998	-2.564	4742	1.11	-0.387	11.316	182.11	-9.2969999
R056190	-1.947	5398	2.423	0.478	10.243	200.30701	-17.753
R056274	-1.852	5492	3.853	0.419	11.263	205.27299	-9.1929998
R056395	-1.851	4574	1.543	-0.351	10.505	223.914	-23.096001
R056465	-2.565	4466	0.59	-0.763	9.317	313.72198	-7.7080002
R056537	-1.983	5003	1.873	0.284	10.762	312.40701	-17.91
R056690	-2.04	6149	3.661	0.513	11.922	179.091	-4.3870001
R057034	-2.498	5327	2.893	0.692	11.344	206.51401	-5.4039998
R057204	-0.467	5555	4.616	0.121	12.348	314.88501	-2.654
R057229	-0.685	6191	3.744	0.023	12.503	315.03799	-4.8319998
R057258	-2.04	5025	2.054	0.273	10.613	312.32199	-59.851002
R057325	-2.074	5309	3.174	0.392	9.363	317.642	-63.527
R057478	-1.385	4024	0.472	-0.87	10.46	318.923	-6.6570001
R057590	-1.549	5045	1.868	0.23	11.758	189.746	-41.452
R058634	-1.742	5386	3.526	0.011	11.873	229.09	-1.664
R059054	-2.615	4908	1.743	0.326	11.602	201.575	-9.7550001
R059173	-2.036	5103	1.899	-0.126	11.015	218.459	-35.175999
R059500	-0.524	6193	4.036	0.127	11.627	203.554	-3.8940001
R059526	-2.043	5816	3.629	0.46	11.79	204.742	-3.766
R059632	-2.404	5131	2.6	0.553	11.911	223.58099	-33.912998
R059918	-1.992	5035	2.349	0.239	11.058	189.89301	-41.089001
R060118	-2.579	4296	0.592	-0.733	10.474	236.2	-8.9280005
R060170	-1.896	4447	2.021	-0.414	9.054	238.687	-7.868
R060352	-2.001	5221	2.681	0.412	11.041	196.35201	-39.523998
R060729	-2.626	4756	1.194	-0.257	10.408	170.295	-36.688999
R060740	-2.498	4875	1.657	0.128	9.683	171.467	-36.787998
R060972	-2.613	4545	1.06	-0.604	10.156	290.95901	-27.26
R061345	-2.266	4782	1.502	-0.133	10.259	296.75699	-23.893
R061499	-2.561	4518	0.63	-0.61	9.446	325.746	-4.177
R061685	-2.177	4889	1.538	-0.031	11.699	210.07201	-39.66
R061929	-1.851	5438	2.537	-0.214	11.02	227.355	-30.288
R062061	-2.241	4950	1.848	0.377	11.416	220.519	-34.556999
R062183	-2.535	4575	0.836	-0.368	10.937	247.28999	-13.022
R062241	-2.496	5231	2.126	0.694	11.239	213.222	-35.882
R062524	-2.82	4758	1.461	0.109	10.858	292.534	-35.988998
R062897	-1.909	6446	2.64	0.536	10.67	252.933	-20.490999
R063344	-2.209	4631	0.91	-0.39	10.456	215.26401	-37.764
R063401	-1.941	4728	1.661	-0.073	11.198	218.15601	-36.507
R063766	-2.531	5355	3.079	0.82	11.511	306.14401	-42.558998
R063784	-2.548	4794	1.568	-0.117	10.86	355.44	-35.810001
R064168	-2.608	4621	1.485	-0.463	11.124	322.61401	-48.794998
R064425	-2.566	4497	1.219	-0.475	10.248	228.62601	-39.651001
R064661	-2.71	4697	1.784	0.293	11.009	322.31601	-42.605999
R064792	-2.642	4549	0.661	-0.907	9.655	348.233	-37.991001
R064870	-2.863	5984	2.976	0.847	10.646	230.41701	-35.636002
R065093	-2.109	4951	1.475	0.143	10.654	281.05701	-48.158001
R065402	-1.108	4081	0.931	-0.723	9.11	236.897	-6.79
R065618	-2.462	4454	0.317	-0.797	9.334	309.746	-2.8699999
R065851	-2.975	4602	1.032	-0.286	10.548	317.492	-9.7609997
R066150	-2.132	4683	1.132	-0.367	8.985	225.599	-19.806999
R066381	-2.277	4606	1.057	-0.494	11.514	321.32199	-18.822001
R066828	-1.737	4915	1.398	-0.125	8.94	1.0599999	-26.952
R067104	-2.411	4508	1.015	-0.749	10.59	273.14801	-64.460999
R067933	-3.204	5929	1.298	-9.999	11.219	260.556	-2.6559999
R068336	-2.741	4383	0.588	-0.8	9.263	301.00201	-40.063
R069143	-1.989	5262	2.607	0.214	10.706	308.30099	-42.007
R069257	-2.378	4982	1.424	0.151	9.48	346.461	-25.955999
R070643	-1.86	5005	2.104	0.006	10.732	298.99899	-17.259001
R071112	-2.022	5054	2.112	0.434	11.308	319.86301	-40.486
R071597	-2.809	4989	1.519	0.521	9.265	334.785	-23.563
R072405	-2.56	4557	0.584	-0.851	9.798	312.01199	-65.966003
R072488	-3.082	4483	1.284	-0.828	10.179	10.029	-43.422001
R072812	-2.193	4519	0.599	-0.643	8.22	318.04599	-7.6919999
R073317	-2.912	4510	0.497	-0.469	10.703	354.09201	-56.130001
R073354	-1.822	4911	1.935	-0.014	8.811	5.9099998	-17.653
R073886	-2.626	4705	1.433	-0.2	10.069	298.84	-46.233002
R074460	-1.941	5363	3.052	0.403	12.03	83.452003	-25.672001
R074566	-2.326	5324	2.595	-0.091	9.434	334.04901	-53.330002
R074600	-2.426	5194	2.402	0.345	11.431	337.754	-55.280998
R074677	-2.636	4956	1.967	0.698	9.436	348.25	-45.118
R074862	-2.978	4807	1.902	0.031	11.002	63.057999	-12.085
R075627	-2.469	4818	1.008	0.325	9.428	9.4300003	-12.078
R076406	-2.245	4770	1.298	0.166	9.459	18.843	-80.377998
R077263	-2.304	4823	1.742	0.084	9.072	76.460999	-21.752001
R079668	-2.405	5130	2.228	1.776	11.696	91.474998	-33.108002
R079998	-2.646	4771	1.321	-0.238	8.873	181.604	-47.688
R081906	-1.774	6161	3.736	0.204	12.291	130.414	-14.223
R082089	-2.454	4818	1.37	-0.059	9.909	175.287	-45.591
R082433	-1.986	5007	1.524	0.312	11.174	168.54201	-11.502
R084030	-2.959	4918	1.276	-0.02	9.569	142.457	-29.1
R084518	-2.634	5018	1.724	0.693	9.343	181.229	-78.079002
R085274	-2.318	4984	1.702	0.401	9.295	174.491	-35.661999
R085275	-2.338	5026	1.507	0.002	9.787	174.73199	-35.557999
R085582	-2.622	5793	0.652	2.305	9.657	177.45	-8.2889996
R085808	-2.032	5116	1.501	0.075	10.191	190.45	-47.271999
R086456	-1.745	5905	3.533	-0.03	10.776	207.28	-42.756001
R086471	-2.377	4730	1.593	-0.406	10.581	208.867	-45.589001
R086703	-1.297	5309	2.239	0.158	11.507	184.03999	-45.848
R086867	-2.026	5010	1.36	-0.016	10.934	194.99899	-45.032001
R087617	-2.739	4316	0.76	-0.658	6.841	241.67599	-16.546
R087947	-0.366	6371	3.842	0.036	10.07	204.854	-4.4400001
R088425	-2.832	4639	1.195	-0.24	9.247	204.45399	-8.4379997
R089116	-2.938	4911	1.662	0.401	9.613	228.993	-20.639
R089128	-2.328	4637	0.989	-0.341	8.641	229.786	-21.572001
R089304	-0.992	4801	2.182	-0.094	9.032	151.04601	-7.98
R089463	-0.56	4996	3.412	-0.061	8.997	227.858	-16.035
R089495	-0.861	4741	3.575	-0.003	9.065	230.867	-15.177
R090146	-2.179	5023	1.678	-0.118	8.476	247.23399	-10.249
R090451	-2.003	4915	1.442	-0.122	8.684	217.16299	-20.75
R091168	-0.562	4347	2.208	-0.36	8.532	245.05901	-1.522
R091193	-1.166	4077	1.175	-0.817	7.893	243.116	-3.4219999
R091199	-0.284	4732	2.886	-0.145	7.653	243.172	-4.5669999
R091253	-2.563	4706	1.248	-0.129	8.413	249.88	-5.381
R091548	-2.094	4576	0.904	-0.383	9.197	177.83299	-22.775
R091613	-0.859	5029	2.55	-0.074	8.302	196.634	-10.612
R091908	-0.575	6636	3.133	0.293	9.66	250.974	-4.0430002
R091927	-1.981	4830	1.675	0.056	8.93	140.45	-2.25
R092192	-1.041	6339	3.41	0.383	9.842	181.10201	-16.909
R092499	-2.367	6139	3.292	1.248	9.489	142.754	-3.0680001
R092658	-0.023	4885	2.798	-0.206	8.332	157.006	-7.3429999
R093343	-3.533	5028	0.875	1.945	9.56	219.862	-19.82
R093476	-1.005	4970	3.096	-0.166	9.149	238.55901	-8.8669996
R093500	-0.61	4426	2.627	-0.514	7.426	238.08099	-11.129
R093894	-2.2	4526	0.803	-0.411	8.973	178.67999	-31.129999
R094014	-2.675	4689	1.186	-0.24	9.862	209.371	-19.139
R094161	-2.7	5029	1.633	-0.156	9.681	293.409	-59.984001
R094476	-2.606	4244	0.429	-0.717	9.227	251.463	-4.4959998
R094675	-1.533	5874	3.14	0.545	10.314	179.601	-13.089
R094676	-2.446	6019	3.248	0.491	9.601	208.737	-32.951
R095577	-2.322	4663	1.195	-0.017	9.59	238.14301	-10.233
R096024	-2.177	5457	3.175	0.422	9.829	226.62	-14.468
R096479	-2.378	5050	2.206	0.455	9.976	213.131	-5.0339999
R097006	-2.289	4174	0.432	-0.76	9.651	219.66901	-2.691
R097048	-1.146	5778	3.675	-0.163	9.696	217.427	-4.2849998
R097979	-2.298	5365	1.447	-0.218	9.801	232.776	-11.134
R098053	-2.865	4802	1.28	-0.022	8.981	249.157	-3.3929999
R098339	-2.477	4852	1.288	-0.162	9.917	175.123	-22.351999
R098545	-2.399	4574	1.99	-0.426	9.791	213.58299	-22.349001
R099103	-2.463	5278	2.373	1.034	9.396	178.72501	-26.287001
R099670	-1.686	5992	3.448	0.569	9.928	149.256	-1.359
R099828	-2.242	4897	2.071	0.598	10.066	196.017	-24.143999
R099925	-2.761	4984	1.626	1.983	9.202	219.547	-21.336
R100565	-2.123	4385	1.064	-0.343	9.205	226.98801	-7
R100672	-2.285	4825	1.782	0.008	9.576	253.226	-0.753
R100934	-2.359	4773	1.21	-0.184	9.553	221.55901	-12.651
R101002	-2.575	5147	2.264	0.629	10.477	244.92999	-2.408
R101004	-2.5	4886	1.755	0.39	10.225	244.696	-1.761
R101422	-2.098	4773	1.355	-0.208	10.441	155.008	-19.806999
R101629	-2.462	4489	0.912	0.354	9.224	224.315	-19.563999
R102003	-3.413	4748	1.51	-0.188	9.675	169.64999	-6.8460002
R102613	-3.49	4980	1.124	0.853	9.684	201.06	-18.106001
R102690	-2.275	5387	2.629	0.554	10.031	203.785	-18.124001
R102720	-2.705	4578	0.996	-0.806	9.724	227.82001	0.424
R102792	-2.59	4797	1.548	0.186	10.086	235.517	-1.522
R103254	-2.182	4617	0.996	-0.358	9.7	179.384	-21.118999
R103477	-3.073	4410	0.568	-0.597	9.588	226.963	-10.854
R103586	-2.769	4372	0.533	-0.534	9.676	238.60001	-15.809
R104144	-2.635	5110	2.659	0.665	9.433	305.12201	-27.125999
R104377	-2.013	4878	1.452	0.085	10.465	251.897	-3.767
R104550	-1.929	4743	1.358	-0.156	10.327	253.252	-0.919
R104658	-0.296	5963	4.226	-0.056	9.989	308.86301	-17.572001
R104706	-1.736	4815	1.513	-0.077	9.233	167.082	-20.476999
R105446	-2.472	4934	1.521	0.331	9.939	225.311	-29.360001
R105643	-2.559	4407	0.746	-0.683	9.209	304.12399	-31.403999
R105683	-2.163	5131	2.62	0.397	10.01	165.702	-3.0239999
R105795	-2.888	5344	1.725	0.029	10.114	244.679	-6.5149999
R106392	-2.272	4873	1.332	-0.233	9.834	196.68401	-25.348
R106621	-1.931	5252	2.69	0.18	10.292	305.42099	-55.841999
R106630	-1.543	4753	1.288	1.435	10.391	303.69199	-56.591999
R106777	-3.322	5057	2.152	1.334	10.177	335.64999	-1.641
R106978	-2.932	4835	1.065	-0.607	10.471	199.946	-4.3860002
R107095	-0.732	4856	2.984	-0.146	10.206	220.25101	-8.4440002
R107112	-1.28	6304	3.566	0.564	10.788	166.948	-14.045
R107193	-2.316	4886	1.535	-0.078	10.186	195.10699	-16.612
R107428	-1.623	6082	3.668	0.375	10.831	335.98001	-15.525
R107531	-2.373	6222	3.406	0.6	10.446	169.29601	-31.164
R107576	-2.249	4595	0.651	0.065	10.05	195.5	-8.7250004
R107608	-1.665	4907	1.865	0.021	10.422	197.45399	-9.427
R108010	-0.115	5775	4.323	0.17	10.561	323.51999	-4.8530002
R108176	-2.181	4751	1.21	-0.022	10.515	174.754	-5.9710002
R108382	-2.066	4660	1.501	-0.352	9.834	246.474	-6.289
R108487	-2.661	4645	0.49	-0.203	9.908	269.328	-83.900002
R110037	-2.481	4599	1.009	-0.443	10.002	237.968	-7.5910001
R110305	-1.578	5917	4.624	0.371	10.124	307.22101	-24.819
R110895	-0.904	4863	2.699	-0.094	10.081	215.11301	-2.9119999
R110975	-1.53	5150	1.638	-0.356	9.701	243.881	-6.5349998
R111380	-2.313	5162	2.348	0.52	9.891	174.408	-52.040001
R111850	-2.533	4544	1.796	-0.469	9.886	322.96399	-70.514999
R112046	-2.068	5317	2.931	0.365	10.226	181.252	-13.614
R112200	-2.455	4687	1.076	-0.449	9.407	221.979	-27.271
R112258	-2.242	4871	1.939	0.285	10.864	246.651	-3.5580001
R112347	-2.903	5118	2.513	0.534	10.928	296.461	-39.442001
R112715	-2.448	4645	1.213	-0.203	9.634	200.414	-11.635
R112768	-2.528	5009	2.725	0.293	9.739	212.147	-15.523
R113129	-2.539	4577	1.281	-0.485	9.673	313.72101	-47.174999
R113260	-2.586	5410	2.852	0.728	9.721	331.01501	-40.488998
R113341	-2.312	4180	2.858	-0.83	10.009	182.569	-6.835
R113581	-2.361	4833	1.494	-0.514	9.905	236.646	-15.679
R113597	-2.432	5897	2.813	0.576	10.495	238.04601	-14.51
R113987	-1.499	4739	1.944	-0.377	9.568	341.16101	-45.294998
R114403	-2.014	4162	0.251	-0.808	10.033	308.35699	-19.700001
R114459	-3.335	4829	1.778	0.05	10.495	314.729	-17.983
R114923	-1.989	4955	1.934	0.255	10.453	188.661	-7.8260002
R114924	-1.316	6301	3.3	0.377	10.612	188.722	-8.0950003
R115116	-1.707	5537	2.016	0.092	9.604	343.30899	-11.22
R115383	-2.79	4813	1.847	-0.323	9.442	288.923	-63.722
R115411	-2.367	4838	1.308	-0.371	9.762	307.439	-12.823
R115769	-1.958	5114	1.957	0.397	9.471	190.23801	-40.862
R115880	-2.336	5284	2.276	-0.098	9.776	302.633	-35.981998
R116041	-2.575	4746	1.673	-0.075	9.043	312.703	-33.924999
R116302	-2.474	4690	1.233	-0.386	9.568	194.146	-46.388
R116603	-2.035	4519	0.843	-0.486	9.781	317.76599	-7.2140002
R117313	-2.19	4677	1.057	-0.111	9.191	225.51199	-5.4829998
R117642	-1.811	5073	2.213	0.393	10.404	222.964	-11.144
R117754	-2.53	5048	1.587	-0.231	10.715	237.39799	-15.581
R117839	-3.085	4156	0.229	-0.146	9.382	309.09399	-7.2389998
R117943	-2.378	5039	1.561	0.278	9.48	346.461	-25.955999
R118214	-2.149	4827	1.352	1.379	9.258	343.33301	-22.815001
R118594	-2.48	4447	1.118	-0.581	10.763	293.79099	-50.591
R118652	-2.36	4720	0.809	-0.368	10.964	311.64401	-16.111
R118971	-3.261	4770	1.866	0.195	10.205	297.70801	-33.353001
R118983	-2.974	4609	1.251	-0.021	10.272	299.28699	-33.292
R119283	-2.646	4563	0.949	-0.751	10.755	325.603	-23.018
R119493	-2.753	4712	1.803	-0.072	10.298	306.103	-25.499001
R119833	-1.872	4801	1.459	-0.396	9.78	16.829	-15.695
R120110	-1.897	5384	3.064	0.505	10.447	210.118	-10.078
R120234	-0.683	5191	4.012	0.142	10.314	233.358	-76.733002
R120837	-1.725	4861	1.87	-0.002	10.441	220.528	-19.971001
R121024	-2.252	4847	1.697	0.007	10.238	305.82901	-66.205002
R121085	-2.366	4722	1.669	-0.043	10.561	309.50299	-45.091
R121314	-1.722	5058	1.75	-0.308	9.508	342.86401	-50.827999
R122535	-2.37	5219	2.531	0.53	10.878	221.342	-15.26
R122552	-2.106	5085	2.579	0.385	10.625	222.491	-14.045
R122647	-2.188	4657	1.069	-0.345	9.893	235.278	-10.273
R122649	-2.521	4718	1.235	-0.078	10.126	235.34801	-10.672
R122974	-1.027	6598	3.489	0.494	11.196	299.15799	-79.523003
R123313	-2.303	5123	2.351	0.714	10.758	255.50301	-80.206001
R123877	-3.424	5009	1.135	0.978	10.321	233.91499	-17.582001
R124067	-2.424	4901	1.457	0.043	9.673	340.04501	-37.640999
R125323	-2.48	4288	0.772	-0.882	9.745	351.422	-18.177999
R126032	-2.643	4759	1.603	-0.103	10.86	355.44	-35.811001
R126154	-2.039	5067	2.171	0.181	10.824	15.231	-43.817001
R126630	-2.145	5435	3.25	0.212	11.155	307.767	-34.889
R127105	-2.209	4893	1.394	0.12	11.01	235.537	-1.2029999
R127166	-3.424	5098	1.224	1.645	10.489	239.696	-3.664
R127574	-2.453	4893	1.445	0.084	9.855	20.393999	-25.466999
R127726	-2.028	4673	1.759	-0.206	9.953	232.83	-24.403999
R127797	-2.287	5038	2.192	0.753	11.034	292.08301	-63.66
R127826	-2.647	5023	2.314	0.466	10.058	303.84601	-37.672001
R128231	-1.445	4528	1.654	-0.214	10.491	230.092	-9.2740002
R128235	-2.537	6487	3.782	1.244	11.219	229.83	-8.5430002
R128244	-1.8	5509	2.162	-0.355	9.348	230.31799	-8.6809998
R128281	-2.204	4770	1.544	-0.011	11.008	232.242	-9.7270002
R128885	-2.57	4705	1.341	-0.843	10.439	299.565	-28.266001
R128969	-2.311	5183	2.049	0.619	10.942	295.828	-59.806
R129194	-2.255	5720	2.601	0.352	10.989	337.42001	-33.094002
R129504	-1.165	5598	2.529	0.263	11.497	233.08701	-6.4039998
R130366	-1.393	5736	3.389	-0.467	10.63	297.98099	-38.835999
R130463	-1.542	6307	4.528	0.849	11.389	301.62701	-49.000999
R130494	-2.307	4559	1.322	-0.433	10.969	304.298	-51.223
R130764	-2.771	5126	1.993	0.655	9.525	27.283001	-49.195
R130826	-2.516	5036	1.722	-0.224	10.724	226.127	-11.145
R131329	-0.216	5349	4.504	-0.161	10.353	228.425	-7.4460001
R132141	-2.614	4954	1.531	0.129	8.977	317.32599	-13.168
R132258	-2.424	5269	1.968	-0.009	9.434	334.04901	-53.330002
R133423	-1.922	4407	1.017	-0.458	9.892	326.47	-6.5819998
R133594	-1.593	4706	1.793	-0.219	9.61	9.1529999	-39.356998
R133625	-2.134	4638	0.944	-0.632	9.912	11.477	-40.215
R133645	-2.123	4731	1.288	-0.473	9.352	27.087999	-53.362999
R133683	-2.091	5421	3.198	0.545	9.919	25.726	-50.547001
R134488	-2.38	4741	1.335	-0.09	9.504	358.043	-53.825001
R134610	-1.993	4478	1.199	-0.489	9.188	41.959999	-56.467999
R134759	-1.83	4958	2.002	0.086	10.878	308.83301	-77.343002
R135225	-2.902	4526	1.28	-0.604	10.69	306.08801	-26.945
R135267	-1.856	5358	2.404	0.134	11.314	307.79001	-23.660999
R135581	-2.414	4665	1.24	-0.026	9.464	67.568001	-60.917999
R135915	-2.102	5048	1.583	-0.076	10.005	60.453999	-37.965
R136281	-2.107	5436	2.977	0.575	10.822	58.757999	-19.065001
R136755	-1.895	5260	2.568	0.469	11.24	306.728	-59.837002
R136797	-2.193	5422	3.209	0.73	10.894	312.957	-61.966999
R136988	-2.085	5050	2.154	0.331	10.144	11.889	-45.161999
R137008	-2.919	6539	4.01	1.459	10.008	49.896999	-32.845001
R137867	-2.481	4724	1.534	-0.475	10.408	315.72699	-39.469002
R138331	-1.892	5090	2.263	0.173	9.849	311.44601	-62.234001
R138653	-1.993	5349	2.857	0.521	10.319	313.61499	-51.945
R138768	-1.72	5294	2.718	0.246	11.3	341.034	-33.521999
R139585	-0.515	5639	3.868	0.002	9.964	50.515999	-46.188999
R139834	-2.489	4428	0.694	-0.808	9.317	313.72198	-7.7080002
R142212	-2.523	5017	2.024	0.469	9.768	314.70499	-3.9089999
R142272	-1.14	5850	3.764	0.215	10.171	318.728	-3.3699999
R142360	-2.617	4711	1.374	-0.022	10.278	346.12601	1.921
R142789	-2.036	4791	1.586	-0.46	9.163	325.293	-23.004999
R143147	-2.974	4509	0.962	-0.763	9.215	59.153999	-58.640999
R143376	-1.846	5164	1.726	-0.181	9.694	21.025999	-73.246002
R143645	-2.217	5367	3.601	0.668	10.091	345.595	-68.556
R145509	-2.487	4589	0.816	-0.694	9.538	337.621	-25.958
R146158	-2.275	5487	2.816	0.771	9.835	32.792	-19.190001
R146399	-2.567	4886	1.879	-0.047	10.919	342.18301	-54.603001
R146423	-2.065	5393	2.964	0.524	11.122	344.862	-52.625999
R146595	-2.45	4577	0.323	-0.805	9.359	36.921001	-5.323
R147038	-3.877	4350	1.891	-0.75	9.495	2.474	-61.438
R147175	-2.01	4675	1.036	-0.161	9.936	55.943001	-9.4049997
R148391	-2.652	5321	2.737	0.715	10.979	17.165001	-28.950001
R148523	-1.002	6286	3.627	0.239	10.184	64.668999	-8.7840004
R149535	-2.332	4550	1.541	-0.75	9.471	40.34	-18.427
R150580	-2.157	4998	1.93	0.173	9.979	74.485001	-40.917999
R150874	-1.908	4604	1.354	-0.49	9.599	5.5089998	-24.08
R151710	-2.422	4584	0.861	-0.494	10.081	4.5190001	-17.559999
R152023	-2.147	4983	1.891	0.242	9.71	88.066002	-39.888
R152795	-1.547	6156	3.965	0.419	10.313	44.245998	-64.759003
R152935	-2.191	4715	1.339	-0.195	9.336	106.283	-63.325001
R153513	-2.369	4770	0.903	0.1	10.426	29.235001	-14.036
R153688	-2.694	5060	2.015	0.806	9.826	106.335	-33.723
R153937	-2.723	5022	2.15	0.227	9.48	92.264999	-71.374001
R154299	-2.082	4940	1.371	-0.05	9.105	123.432	-23.548
R154309	-2.199	4955	1.544	0.32	9.608	123.986	-22.07
R154924	-1.666	4697	1.005	-0.037	10.267	57.344002	-3.2639999
R155442	-2.06	5182	2.778	-0.122	9.494	79.222	-17.195
R155727	-1.723	4787	1.569	-0.158	9.891	33.976002	-1.081
R156682	-2.181	5337	3.1	0.506	10.59	56.474998	-51.369999
R157549	-1.771	5662	3.914	0.538	10.231	82.972	-34.776001
R157717	-2.747	5019	1.552	0.284	9.117	126.686	-62.02
R157861	-2.636	4693	0.849	1.511	9.193	64.319	-3.609
R158106	-2.134	4900	1.572	0.028	9.889	139.745	-23.198
R158719	-1.921	5107	1.939	0.069	9.387	71.053001	-45.004002
R158721	-2.059	4794	1.452	-0.099	9.992	71.515999	-44.679001
R159451	-2.317	4911	1.893	-0.136	9.456	105.649	-65.573997
R159555	-2.309	4865	1.473	0.2	9.684	159.45399	-35.105
R159919	-1.666	4833	1.787	-0.183	9.831	132.16701	-5.9920001
R160076	-1.823	5614	3.679	0.418	9.944	67.974998	-6.5359998
R160090	-1.743	4519	0.692	-0.595	9.552	67.598999	-4.6890001
R160353	-2.401	5191	2.211	0.588	9.389	117.559	-41.396
R160691	-0.566	6261	4.124	0.047	10.76	72.181999	-6.5079999
R160802	-1.913	5172	2.458	0.304	9.501	115.31	-43.66
R161276	-2.062	5532	2.494	0.133	10.37	81.446999	-30.819
R161711	-2.473	4932	1.401	-0.111	9.569	142.457	-29.1
R161853	-1.707	5540	2.489	0.175	10.328	166.787	-26.974001
R162012	-2.167	5121	1.695	-0.086	10.277	80.459	-15.618
R162956	-2.683	5036	2.004	0.727	10.318	184.83501	-17.365
R162975	-2.233	4863	1.327	0.179	10.244	184.983	-19.297001
R164313	-2.529	5022	1.604	0.751	9.98	154.09	-29.997999
R164637	-1.9	5024	1.643	0.286	10.261	194.089	-22.924999
R165149	-0.585	5459	3.036	-0.078	10.605	143.435	-4.9840002
R165224	-2.076	4559	1.065	-0.322	10.2	146.645	-6.448
R165236	-1.665	5913	2.104	0.088	10.568	144.377	-6.4489999
R165635	-2.561	6040	2.463	0.99	11.204	195.63	-14.801
R165734	-2.593	4938	1.491	0.07	9.037	176.828	-27.573999
R167611	-1.963	4805	1.165	-0.339	9.814	193.08099	-8.1789999
R167623	-1.384	6200	2.323	0.22	10.592	194.10001	-9.0480003
R167663	-3.279	6478	3.599	1.627	10.188	210.625	-5.651
R167703	-2.031	5224	2.847	0.263	10.577	212.56599	-3.7320001
R168058	-2.843	4585	1.629	-0.308	10.051	164.12601	-34.478001
R168188	-1.766	5693	2.98	0.423	9.842	192.698	-13.432
R168295	-1.898	5412	2.943	0.193	10.477	210.83701	-22.847
R168607	-2.125	6719	3.955	0.485	9.157	141.48599	-34.844002
R168672	-2.108	5004	1.362	0.448	9.384	142.839	-33.443001
R168757	-2.183	4834	1.438	0.176	9.672	184.381	-37.547001
R169241	-1.873	4834	1.502	0.034	9.594	152.62	-24.23
R170243	-2.57	4838	1.691	-0.235	10.368	149.508	-14.771
R170366	-2.588	4982	1.967	-0.14	10.052	168.69901	-40.872002
R170972	-1.755	4888	1.337	0.035	9.762	208.256	-48.085999
R171135	-1.305	6612	3.753	0.345	11.377	143.942	-9.441
R171421	-2.491	4592	1.145	-0.345	9.47	110.683	-37.995998
R171577	-2.226	5382	3.467	0.393	10.686	157.916	-8.4659996
R172180	-2.374	5181	1.848	0.242	9.541	200.424	-43.334999
R173140	-2.967	6079	3.085	0.934	10.884	230.72099	-17.525999
R173213	-2.572	4694	1.688	-0.151	10.812	233.783	-15.409
R173860	-1.996	4852	1.336	0.107	10.075	134.92101	-14.254
R174391	-1.091	5096	3.031	0.246	11.039	225.95399	-16.646999
R174836	-3.006	4467	0.484	-0.882	10.033	205.72501	-7.2839999
R175274	-2.885	5137	1.753	0.512	9.234	177.75999	-69.678001
R175488	-2.302	5026	2.134	0.239	10.801	228.59599	-3.8429999
R175692	-1.918	5438	2.604	0.466	9.446	194.73	-36.282001
R175695	-1.141	6315	3.528	0.397	10.133	194.724	-36.717999
R176511	-1.981	4876	1.586	-0.05	9.575	177.092	-0.509
R176596	-2.582	4582	0.514	-0.819	10.058	205.11301	-0.268
R177272	-2.567	4843	1.348	0.32	8.945	300.23999	-25.697001
R177411	-1.81	4839	1.431	0.028	9.607	134.896	-31.271
R177781	-3.035	4532	1.375	-0.752	10.806	215.677	-32.278
R177825	-2.28	5111	2.324	0.766	11.049	215.862	-28.572001
R178856	-2.428	5051	1.992	0.379	9.129	234.629	-18.073
R178866	-3.288	4792	0.421	-0.362	9.74	236.10001	-17.347
R178970	-2.559	4873	1.484	-0.199	10.19	291.16699	-53.791
R179724	-2.325	4665	1.064	-0.104	7.881	164.548	-26.572001
R179972	-2.314	4769	1.166	-0.255	8.007	296.04901	-35.441002
R180212	-1.796	6102	3.703	0.583	7.137	167.75301	-65.427002
R180532	-2.269	4692	1.124	-0.343	9.93	312.65399	-2.6719999
R180534	-3.105	4309	0.328	-0.406	9.131	313.59799	-0.553
R180582	-1.796	5039	2.151	0.105	10.552	145.093	-1.687
R180717	-1.896	4595	1.151	0.917	10.23	170.625	-24.982
R180989	-3.03	4472	0.607	0.03	10.256	311.211	-37.233002
R181834	-1.959	4788	1.449	-0.215	9.023	230.908	-1.302
R181866	-0.439	5602	3.717	-0.06	9.23	232.64301	-3.951
R182680	-0.799	5378	3.415	-0.153	9.437	240.745	-9.4180002
R182705	-2.044	4952	1.523	0.157	9.901	165.608	-19.268999
R183565	-2.053	4664	1.043	-0.222	7.884	181.791	-36.889999
R183647	-1.097	6224	3.619	-0.043	9.353	212.29201	-30.233
R183691	-0.691	6812	3.457	-9.999	9.544	243.237	-10.221
R183708	-1.329	5767	3.824	-0.016	8.359	245.57401	-6.3839998
R183714	-1.078	4026	0.91	-0.662	8.357	245.909	-7.6440001
R183751	-0.467	6055	3.244	-0.146	9.258	245.782	-10.718
R184101	-2.507	4713	1.553	-0.285	8.983	307.73499	-34.780998
R184861	-2.486	5242	2.698	-0.034	8.85	27.407	-45.855999
R185094	-2.446	4985	1.757	0.295	8.77	332.979	-28.794001
R186005	-3.056	4590	0.602	-0.735	9.027	231.504	-9.1940002
R186236	-2.55	4358	1.1	-0.75	7.848	319.091	-2.2279999
R187005	-2.647	4384	1.006	-0.402	8.656	317.00601	-65.927002
R187967	-3.062	4532	1.151	-0.473	8.487	236.98	-8.6199999
R188001	-2.22	4631	0.999	0.833	8.108	239.466	-8.665
R189008	-2.775	4636	1.185	-0.74	8.977	344.995	-15.905
R189372	-1.611	6173	4.044	0.256	9.069	25.872999	-8.4099998
R189404	-2.186	4751	1.489	0.017	8.088	239.61301	-11.615
R189741	-1.69	4515	4.353	-0.828	7.788	244.617	-8.1949997
R190030	-1.956	4754	1.466	-0.173	8.521	31.410999	-51.004002
R190205	-3.004	4543	0.968	0.092	7.641	293.01901	-73.154999
R190610	-2.048	4417	1.282	-0.392	8.069	241.55299	-4.0089998
R191004	-1.99	5171	2.408	0.334	8.751	44.250999	-30.41
R191068	-2.091	4860	1.727	0.21	8.979	318.28	-21.077999
R191599	-0.908	6422	4.074	0.395	9.461	51.528	-50.832001
R191677	-3.245	5335	1.594	1.602	7.648	316.64499	-49.964001
R192288	-2.551	4848	1.537	0.03	9.651	323.70099	-31.482
R192379	-2.581	5223	2.26	0.715	8.511	314.03799	-13.522
R192480	-2.133	4990	1.491	-0.227	8.834	35.491001	-21.511999
R192765	-3.147	5046	1.027	0.982	8.511	314.03799	-13.522
R192816	-2.254	5038	1.549	-0.209	9.12	315.159	-5.6550002
R192891	-1.931	4928	1.274	-0.194	8.855	326.59201	-5.2090001
R192904	-2.686	4609	0.939	-0.868	7.954	327.89999	-5.7280002
R193100	-2.142	4714	1.275	-0.125	8.391	296.228	-40.662998
R193237	-3.012	4595	1.917	-0.186	8.808	301.27802	-30.962
R193297	-2.282	4645	1.01	-0.26	9.098	310.991	-44.133999
R193426	-2.271	5077	1.872	0.424	8.956	351.11499	-27.468
R193623	-2.015	5500	2.945	0.608	8.124	28.250999	-34.292999
R194046	-1.912	4691	1.081	-0.531	8.259	48.747002	-37.254002
R194347	-2.469	4847	1.786	-0.087	8.756	310.802	-36.331001
R195799	-2.495	4496	0.961	-0.601	8.588	312.34799	-36.376999
R196078	-2.355	6035	3.228	0.897	8.955	311.026	-30.002001
R196243	-2.019	4697	1.075	-0.446	8.941	50.286999	-39.738998
R196357	-1.699	4760	1.655	0.001	9.081	308.62799	-7.7979999
R196728	-2.058	5384	2.968	0.544	9.397	23.083	-30.681
R196843	-0.391	5273	4.658	-0.166	8.955	55.537998	-29.853001
R196982	-1.944	4885	1.732	0.05	8.809	348.452	-17.469
R197206	-1.92	4630	1.494	-0.315	9.228	330.48999	-44.831001
R198162	-1.747	4897	1.757	-0.024	8.781	356.668	-8.6309996
R198338	-2.632	4681	0.935	-0.295	8.631	40.411999	-4.46
R199593	-1.853	4460	1.753	-0.439	8.027	68.594002	-23.424
R199890	-0.199	6421	3.937	-0.195	9.547	342.09201	-10.705
R200076	-1.508	4999	1.895	0.117	9.782	325.789	-4.1079998
R201061	-1.935	5299	1.996	0.004	9.784	3.539	-62.733002
R202330	-2.522	4883	1.414	-0.097	9.123	54.962002	-35.641998
R202694	-2.408	4957	1.907	0.175	9.48	346.461	-25.955999
R202920	-2.509	4808	1.493	-0.491	10.439	10.32	-38.283001
R203068	-2.368	4758	1.564	-0.27	8.969	316.49399	-49.326
R203470	-2.699	4713	1.373	-0.442	8.663	313.94101	-31.921
R203540	-3.334	4590	1.47	-0.686	10.216	346.20499	-42.73
R204099	-2.265	4854	1.489	0.136	9.058	67.374001	-22.923
R204421	-2.118	4795	1.833	-0.097	9.009	5.6339998	-48.661999
R204499	-1.856	5206	2.542	0.203	9	36.743	-7.8330002
R205208	-2.23	4663	1.16	-0.012	9.527	341.505	-59.634998
R205410	-2.224	6492	3.042	-0.031	8.596	30.069	-16.346001
R206005	-3.184	4517	0.657	-0.399	9.008	351.71899	-1.99
R206111	-2.21	5274	1.892	0.21	9.835	32.792	-19.190001
R206781	-1.593	4723	1.246	1.023	9.852	38.993999	-67.764
R206962	-2.639	4488	0.578	-0.709	9.28	354.53101	-39.549
R208335	-2.247	5382	2.774	0.543	7.94	70.302002	-65.311996
R208339	-2.204	4379	0.999	-0.568	8.835	71.878998	-65.331001
R208614	-2.155	5044	1.966	-0.451	8.27	28.660999	-55.951
R209239	-1.075	6151	3.301	0.156	9.214	63.549999	-6.1529999
R209431	-0.623	5642	4.034	-0.023	9.998	29.896999	-35.466999
R210669	-2.35	4645	0.313	0.029	9.781	46.812	-5.5819998
R210696	-1.848	5352	2.33	0.008	10.153	49.776001	-8.3249998
R210788	-2.406	4455	0.525	-0.642	6.126	82.968002	-38.556999
R211268	-0.82	5859	4.082	0.185	8.761	62.460999	-8.0220003
R211969	-1.632	4900	2.017	-0.026	9.188	151.64101	-6.243
R211983	-0.349	6837	3.948	0.21	10.513	66.029999	-1.9299999
R212020	-2.86	5065	1.831	0.665	9.622	65.810997	1.513
R212922	-2.481	5117	1.609	0.103	8.519	165.453	-37.831001
R213301	-2.245	4717	1.484	-0.168	8.667	175.71201	-55.103001
R213594	-2.089	5040	1.93	0.284	9.066	107.63	-71.364998
R214004	-2.156	4863	1.319	0.095	8.536	144.17	-20.643999
R215925	-0.662	6839	3.426	-9.999	8.95	202.327	-2.961
R216453	-0.469	4132	1.231	-0.721	8.392	128.44501	-8.073
R218142	-0.35	4169	3.242	-0.854	8.579	147.66901	-13.811
R219475	-2.75	4628	1.315	0.408	8.417	229.036	-21.367001
R219864	-2.103	4824	1.554	-0.06	8.873	167.40401	-20.091
R219925	-2.593	4855	1.458	0.398	8.423	185.838	-53.098
R220031	-0.826	6107	3.769	0.191	9.41	213.14799	-33.304001
R220298	-2.495	4850	1.314	0.178	9.525	127.162	-48.448002
R220538	-2.821	4765	1.748	0.028	8.622	228.752	-74.902
R221040	-2.172	4836	1.348	0.035	8.154	225.104	-6.2270002
R221066	-2.739	4348	3.451	-0.763	4.428	227.922	-6.0120001
R221237	-0.288	4658	3.145	-0.426	8.477	141.23199	0.338
R221577	-2.073	4636	1.39	-0.364	8.704	105.89	-29.297001
R222157	-3.213	4983	1.451	0.364	9.08	205.80901	-19.073999
R222794	-2.174	4702	1.151	-0.2	8.564	175.20599	-16.261
R223023	-2.687	4863	1.427	-0.254	8.756	201.44	-17.799
R223541	-2.752	5164	2.036	0.737	8.398	240.688	-15.35
R224015	-1.825	5519	2.224	-0.097	8.607	198.642	-26.115999
R225315	-2.544	5128	2.09	0.812	9.217	193.489	-38.027
R225435	-2.421	4665	1.185	-0.116	7.323	109.066	-51.59
R227415	-1.89	5471	2.619	-0.04	9.245	238.614	0.36
R228609	-0.792	6095	3.915	0.161	9.433	145.203	-0.689
R228733	-2.271	4673	1.027	-0.297	7.937	205.55299	-14.293
R228766	-2.186	4844	1.23	-0.158	8.304	205.91901	-11.439
R228908	-2.116	4916	1.718	0.096	9.25	176.875	-5.362
R229274	-2.21	4892	1.408	0.856	8.863	152.00301	-10.148
R229720	-2.94	4756	1.404	0.093	8.385	134.524	-8.1549997
R230431	-2.46	4578	1.002	-0.508	9.317	236.33501	-13.451
R230457	-2.938	4669	1.32	-0.408	8.13	289.86499	-59.987
R230503	-2.05	4746	1.316	-0.28	8.597	293.48801	-58.362
R232054	-2.165	4975	1.286	-0.268	8.295	169.22501	-72.837997
R232587	-2.533	4629	1.059	-0.678	9.5	233.13499	-11.103
R232920	-2.211	5268	2.841	1.287	8.126	178.405	-2.01
R234436	-2.393	4635	1.483	-0.213	9.851	298.91299	-29.382999
R234697	-1.985	4934	1.359	-0.087	8.842	185.66299	-42.366001
R234998	-1.695	4783	1.637	-0.225	8.374	291.61099	-63.015999
R235162	-2.757	4758	1.645	-0.174	5.656	146.83	-41.451
R235913	-1.173	5935	4.089	0.166	8.046	288.336	-0.595
R236999	-1.864	4590	0.856	0.119	8.146	182.22301	-34.071999
R237798	-2.047	4831	1.742	-0.17	9.559	243.118	-5.6950002
R237922	-2.234	4625	1.074	-0.449	8.685	304.19901	-25.103001
R237944	-2.566	4567	1.081	-0.42	8.02	307.63901	-25.330999
R238224	-1.355	5008	1.538	-0.188	11.344	163.22099	-26.347
R238261	-2.374	4823	1.381	0.028	9.057	187.362	-4.7090001
R238820	-2.354	4884	1.524	0.212	10.443	229.36	-17.330999
R238977	-1.978	4699	0.927	-0.305	9.404	292.82001	-43.993
R239068	-3.194	4412	0.622	-0.424	8.808	301.27802	-30.962
R239179	-2.922	4856	2.065	0.084	10.231	199.355	-24.356001
R239785	-3.164	4827	1.993	0.574	9.832	304.84201	-61.504002
R240650	-2.455	6105	3.098	0.977	9.152	190.687	-13.251
R241075	-2.333	4783	1.236	-0.196	8.373	168.597	-32.147999
R241582	-1.693	4973	1.832	-0.154	8.472	306.00201	-18.34
R241797	-2.032	4698	1.243	-0.223	8.319	292.32101	-51.27
R241906	-2.547	4394	1.57	-0.331	8.576	216.44299	-15.775
R241969	-3.242	5058	1.429	1.494	10.019	290.85501	-58.561001
R242213	-2.537	4945	1.731	0.407	8.822	214.536	-28.702
R242484	-3.086	4879	0.964	0.468	8.915	182.50301	-31.51
R242633	-2.545	4838	1.555	0.053	9.423	227.319	-23.26
R242836	-2.847	4606	1.237	-0.351	9.35	289.07599	-55.745998
R244267	-3.237	4223	3.288	-0.64	6.122	213.935	-5.869
R244753	-2.738	4263	0.73	-0.506	8.398	1.066	-58.264999
R244844	-2.49	4712	1.105	-0.339	8.56	194.131	-8.5690002
R245930	-2.886	5242	1.666	0.835	10.34	239.405	-13.048
R245965	-2.64	4394	0.417	-0.755	10.038	243.621	-10.604
R245987	-1.02	4494	2.434	-0.278	10.12	242.94	-14.76
R247881	-0.92	4371	2.14	-0.155	9.823	248.894	-6.4310002
R247980	-2.462	4565	0.972	-0.502	8.449	220.966	-21.108
R248124	-2.417	4429	0.786	-0.302	9.486	217.558	-23.294001
R249817	-2.336	4794	1.378	-0.133	9.301	331.96399	-24.851999
R251005	-2.585	4783	2.07	0.125	8.294	13.366	-2.888
R251047	-0.14	5715	4.265	-0.04	9.54	15.505	-6.8010001
R252541	-2.111	5020	2.083	0.455	9.415	300.03799	-82.671997
R252758	-1.895	5011	1.874	0.12	9.024	6.0910001	-26.575001
R253580	-2.716	4861	1.47	0.056	8.936	311.39401	-14.521
R253589	-1.883	4338	1.088	-0.655	8.765	309.93701	-16.212999
R253969	-2.278	4660	1.051	-0.288	8.816	301.505	-51.792
R254743	-2.225	4727	1.033	-0.253	10.278	239.067	-6.3070002
R255331	-2.437	4655	1.039	-0.174	9.982	235.731	-11.645
R255444	-2.389	4910	1.417	0.356	8.633	297.758	-63.52
R257109	-2.832	4851	1.623	0.045	10.5	320.69101	-46.683998
R257642	-1.59	5323	2.665	0.305	10.129	296.388	-38.484001
R257670	-2.256	5670	2.794	-0.176	10.178	299.159	-40.907001
R258058	-2.579	4727	1.01	-0.026	9.293	3.95	-62.889
R258162	-2.654	5091	2.021	-0.118	9.722	338.72699	-66.087997
R258523	-2.664	4493	0.771	-0.381	9.058	307.58301	-52.247002
R258717	-2.293	4739	1.066	-0.475	9.53	320.957	-16.462999
R258925	-0.733	6274	4.01	0.166	9.51	316.23901	-11.512
R259183	-1.011	4775	2.616	0.048	9.473	319.82199	-16.268999
R259239	-2.726	4380	0.428	-0.749	9.442	288.923	-63.722
R259386	-1.533	4684	1.743	-0.313	9.183	11.753	-44.374001
R259631	-0.612	6178	3.966	0.098	10.022	51.863998	-5.4460001
R260499	-2.646	4765	1.219	0.004	7.117	296.30899	-17.490999
R261527	-2.596	4684	1.092	-0.494	8.831	335.63901	-13.247
R261592	-0.902	4189	2.061	0.093	9.696	5.9949999	-71.903
R261594	-0.374	5105	3.272	-0.098	9.49	4.652	-71.563004
R262408	-3.028	4455	0.448	-0.704	9.705	3.378	-13
R262813	-2.241	5536	2.792	0.101	9.139	355.991	-74.922997
R263814	-1.926	4779	1.339	-0.443	7.825	70.334	-51.912998
R264068	-2.984	5022	2.035	0.778	8.759	318.556	-57.443001
R264160	-2.361	5560	2.148	-0.167	9.139	355.991	-74.922997
R264192	-2.606	4799	1.35	-0.299	9.401	10.571	-74.103996
R265189	-2.151	4923	1.685	0.113	8.105	89.198997	-66.651001
R265242	-0.612	6145	3.679	0.135	9.234	327.30099	-6.1960001
R265475	-2.223	4597	1.207	-0.375	8.63	52.105999	-82.566002
R266352	-0.279	6489	4.023	-0.059	10.272	348.73401	-10.119
R266608	-2.789	4552	1.062	-0.633	9.591	58.275002	-47.768002
R267329	-2.274	4977	1.545	0.28	8.934	11.37	-58.778999
R268957	-2.413	4983	1.59	0.279	10.466	17.43	-59.123001
R270851	-2.486	4972	1.643	0.204	8.344	73.038002	-62.153
R272767	-2.085	4994	1.532	0.208	9.016	110.094	-33.980999
R272995	-2.573	4733	1.79	-0.173	6.98	74.213997	-31.261999
R273027	-2.654	5816	1.984	0.347	8.55	84.637001	-59.075001
R273529	-2.257	4984	1.844	0.374	9.369	55.617001	-65.010002
R275256	-2.134	4330	0.948	-0.745	7.961	71.109001	-75.427002
R275261	-2.338	4432	1.497	-0.642	8.443	76.566002	-75.338997
R276462	-1.987	4745	1.334	-0.056	9.655	138.83701	-16.277
R277118	-2.226	4978	1.533	0.199	8.929	180.854	-35.568001
R279184	-2.514	4903	1.473	0.07	9.889	139.745	-23.198
R279318	-2.092	4697	1.078	-0.245	8.642	158.72301	-11.289
R280324	-1.581	5938	3.296	0.458	10.138	173.967	-16.275
R280343	-2.381	5287	2.6	0.453	10.078	172.571	-14.826
R280558	-1.679	5274	1.924	0.276	8.31	107.553	-35.467999
R281691	-1.547	6128	3.663	0.342	9.489	142.754	-3.0680001
R282882	-2.406	5121	1.587	-0.068	9.45	178.535	-12.915
R283548	-1.975	5085	1.865	-0.173	9.45	178.535	-12.915
R284004	-2.18	4743	1.295	-0.171	8.803	197.554	-33.709999
R284391	-3.601	4825	1.27	0.167	9.89	184.694	-16.181
R284415	-2.08	4651	0.955	-0.413	8.53	185.88499	-14.52
R285117	-2.017	6279	3.714	1.161	9.714	231.806	-23.605
R285567	-1.674	5949	3.398	0.522	8.748	151.513	-11.675
R285872	-2.161	4779	1.289	-0.185	8.954	159.112	-37.771999
R286303	-2.384	5086	1.542	-0.064	9.5	198.95	-44.66
R286931	-3.379	5332	1.513	1.042	8.455	176.187	-11.471
R287296	-2.533	4577	0.974	-0.533	9.201	227.14101	-14.988
R287331	-2.402	4616	1.073	0.104	8.764	244.14799	-4.0209999
R288480	-3.449	4732	0.255	-0.293	8.218	242.463	-9.6879997
R288832	-0.991	4742	4.84	-0.364	8.324	206.84801	-6.1370001
R290579	-2.161	4861	1.632	0.042	9.584	285.729	-78.616997
R291606	-0.807	5459	4.816	-0.849	9.689	235.948	-4.2189999
R291670	-2.153	4752	1.308	-0.105	8.109	122.297	-67.675003
R291878	-2.393	4816	1.911	0.097	9.343	181.229	-78.079002
R291965	-2.245	4986	1.578	0.402	8.701	196.51801	-9.7919998
R292007	-2.177	4638	1.206	-0.227	8.032	226.049	-15.176
R292079	-2.092	5136	1.908	-0.058	9.92	229.12601	-10.893
R292085	-2.071	5259	1.707	-0.109	8.979	229.19099	-11.608
R292117	-2.488	4678	1.141	-0.248	8.036	243.118	-8.802
R292471	-2.103	5285	2.954	0.472	10.34	239.405	-13.048
R292474	-3.497	5090	1.091	0.031	10.449	239.623	-12.41
R292867	-1.081	5515	3.932	-0.293	9.73	227.53	-6.8109999
R293027	-2.743	5029	2.261	0.795	10.251	250.664	-83.110001
R293306	-3.665	4898	0.889	0.997	9.084	289.483	-54.671001
R293703	-2.316	5139	1.71	-0.058	9.45	178.535	-12.915
R294314	-2.023	4918	1.445	0.111	9.862	166.489	-16.287001
R294819	-2.348	4710	1.137	-0.187	8.822	164.922	-20.874001
R296195	-2.205	4691	1.103	-0.274	8.545	173.22099	-29.221001
R296958	-2.453	4537	0.745	-0.548	9.135	302.39099	-34.174
R297428	-2.089	5097	2.13	0.426	10.292	302.29501	-28.632
R297958	-2.838	5255	2.51	0.149	10.299	291.63699	-58.782001
R297965	-2.476	4667	1.317	-0.513	10.164	293.202	-59.133999
R298777	-2.899	5135	2.268	0.948	9.918	205.83	-23.971001
R298800	-2.477	5279	2.374	0.931	9.388	203.47	-26.398001
R299399	-2.2	4821	1.375	-0.113	9.889	139.745	-23.198
R299485	-3.428	5290	1.437	1.141	9.619	171.714	-18.091999
R300134	-2.85	4970	2.078	-0.364	10.446	240.724	-82.447998
R300222	-2.244	4844	1.693	0.02	10.22	259.703	-83.380997
R300306	-2.207	5029	2.056	0.595	9.826	106.335	-33.723
R300871	-0.317	4191	3.497	-0.75	9.773	228.532	-4.5939999
R302238	-2.732	4353	0.718	-0.329	9.039	311.233	-22.85
R302500	-2.016	5170	1.967	0.417	8.853	182.33701	-20.610001
R302797	-1.274	5097	2.74	0.121	9.381	309.41501	-5.9419999
R302986	-2.403	4384	0.393	-0.547	9.214	320.46301	-20.033001
R303243	-1.994	5160	1.544	-0.306	8.7	226.765	-11.476
R303361	-2.616	4879	1.855	0.423	9.224	227.81599	-72.864998
R303630	-2.678	4937	1.451	1.326	9.529	147.341	-16.289
R305247	-2.281	4622	1.219	-0.302	9.453	230.73599	-17.936001
R305561	-2.271	4688	1.134	0.429	9.582	172.808	-27.396
R306587	-2.391	4679	1.025	-0.405	9.243	194.45399	-23.054001
R306760	-2.422	4429	0.633	-0.694	9.317	236.33501	-13.451
R307054	-1.776	6251	3.822	0.627	10.707	295.82901	-40.907001
R307102	-2.184	5703	3.494	0.328	10.178	299.159	-40.907001
R307645	-0.846	5926	4.121	0.18	8.976	148.813	-7.6880002
R308152	-2.032	5386	3.005	0.579	10.586	300.14401	-34.334999
R309427	-0.844	6820	3.67	-9.999	9.575	234.25	-9.1850004
R309698	-2.32	4082	0.219	-0.823	9.212	215.14999	-73.948997
R310858	-2.012	4982	2.487	0.514	10.389	51.112	-84.5
R311002	-2.649	4709	1.287	-0.222	9.201	227.14101	-14.988
R311038	-2.35	4701	1.122	-0.167	9.453	230.73599	-17.936001
R311245	-2.661	4962	1.574	0.375	9.808	302.53	-51.917
R311585	-2.308	4610	1.123	-0.314	8.343	58.122002	-84.990997
R311700	-2.011	5325	3.098	0.411	11.124	238.45	-17.676001
R311997	-2.518	4882	1.886	0.094	9.923	328.08301	-47.292999
R312244	-1.77	4817	2.004	-0.152	10.602	233.047	-14.599
R312259	-2.329	4901	1.905	0.103	11.171	233.09	-12.582
R312420	-2.285	4683	1.331	-0.162	10.749	292.94699	-54.653999
R312674	-2.53	5038	2.317	0.343	10.626	5.6459999	-42.521
R312868	-0.904	4229	1.569	-0.054	8.015	244.961	-9.9219999
R312947	-2.623	4465	1.081	-0.603	8.588	312.34799	-36.376999
R313853	-2.143	5570	3.084	-0.295	11.061	292.237	-71.218002
R313956	-2.294	5057	2.19	0.607	11.063	322.33801	-62.153999
R314131	-2.738	5060	1.686	0.651	10.053	22.379999	-16.013
R314235	-2.308	4949	1.738	0.165	11.068	315.733	-8.4610004
R315738	-1.828	5964	4.704	0.658	10.118	10.219	-51.380001
R316641	-1.899	4869	1.425	1.969	9.79	352.78	-2.392
R317319	-2.691	4460	1.284	-0.381	9.058	307.58301	-52.247002
R317366	-2.78	4520	0.942	-0.541	9.448	312.36499	-51.411999
R317996	-2.135	4522	0.643	-0.635	9.157	45.476002	-49.431
R318019	-1.994	5226	1.954	0.409	9.784	44.405998	-52.903
R318402	-1.518	6358	3.685	0.513	9.927	18.972	-73.514
R318893	-2.345	4764	1.51	-0.247	9.26	350.379	-61.449001
R319292	-3.402	5084	1.02	0.194	9.944	222.71899	-11.622
R319634	-1.862	5293	2.813	0.263	10.583	0.691	-32.959999
R320849	-2.568	5124	1.76	0.169	10.312	292.76199	-44.033001
R321515	-2.385	5004	1.855	0.147	10.177	305.89301	-20.676001
R322127	-1.961	4601	1.472	-0.435	9.916	39.455002	-70.966003
R322315	-2.211	4954	1.917	0.099	10.466	306.70599	-47.574001
R322386	-2.492	4639	1.471	-0.228	10.22	310.30899	-46.909
R323645	-2.219	4757	1.305	-0.4	10.138	41.445	-65.565002
R323950	-1.981	4848	1.505	-0.062	9.575	336.42499	-60.592999
R324212	-2.613	4328	0.68	-0.724	9.468	319.83701	-32.825001
R324465	-4.261	6768	4.071	-9.999	6.455	281.40399	-17.545
R324504	-2.613	4863	1.587	-0.155	9.375	303.81799	-19.993999
R324517	-2.382	4836	1.385	-0.159	9.617	302.85599	-18.511
R324693	-2.862	4795	1.178	-0.03	9.738	26.330999	-28.016001
R325444	-2.208	4741	1.426	0.305	10.679	304.67999	-19.304001
R325956	-2.388	4900	1.236	-0.292	11.223	354.92801	-29.454
R325958	-2.161	5102	2.392	0.392	10.713	355.32401	-30.086
R326009	-0.482	6525	3.751	0.059	11.139	359.384	-7.7129998
R328063	-2.415	5093	2.5	0.371	10.59	299.54599	-28.985001
R328307	-2.201	5607	3.433	0.561	10.405	16.864	-5.4000001
R328815	-1.53	5743	4.044	0.138	10.123	305.80899	-16.318001
R328817	-2.589	4795	1.192	-0.035	9.764	305.90601	-16.997999
R328958	-2.406	4771	1.134	0.065	9.829	1.909	-3.7639999
R329178	-1.614	4994	1.93	0.067	11.231	38.910999	-6.1609998
R329383	-2.444	4666	1.046	-0.039	9.261	327.75699	-10.968
R329422	-1.94	5173	2.871	0.146	9.749	329.53101	-13.742
R329538	-2.289	4988	1.666	1.103	10.039	11.414	-74.958
R330031	-2.653	4972	1.202	-0.15	10.624	39.044998	-12.049
R330394	-1.703	6142	4.112	0.265	10.734	36.820999	-3.0899999
R330552	-2.067	4874	1.352	0.125	9.03	306.134	-15.175
R331472	-2.32	4751	1.71	0.111	10.622	322.439	-35.598999
R332256	-1.478	5255	2.679	0.093	11.275	316.76401	-11.876
R332777	-1.867	4807	1.536	-0.342	8.314	4.1220002	-79.391998
R332942	-2.177	5895	3.76	0.993	10.136	77.447998	-44.388
R333345	-2.35	4893	1.664	0.259	10.156	342.36499	-22.641001
R334021	-2.046	4638	1.325	-0.204	10.086	64.874001	-5.2969999
R335688	-0.478	6580	3.903	0.238	10.752	39.591	-8.6890001
R336615	-2.357	5382	2.763	0.479	9.543	3.152	-18.275
R336798	-1.829	4372	1.04	-0.544	10.383	49.737999	-2.4130001
R337090	-1.635	6094	3.976	0.416	10.357	55.648998	-8.7419996
R337333	-2.022	4296	0.427	-0.724	9.531	8.3439999	-84.235001
R337496	-2.294	4714	1.292	-0.239	8.839	81.205002	-48.875
R338110	-2.621	5002	2.269	0.267	10.241	25.780001	-64.754997
R339006	-2.203	4829	1.127	0.157	10.195	56.59	-7.5019999
R339027	-2.456	5245	2.443	-0.154	10.427	58.789001	-6.6199999
R339431	-2.715	4422	0.395	-0.917	9.262	100.457	-48.919998
R339816	-2.396	5207	1.651	-0.148	10.419	351.32901	-8.2650003
R340728	-3.659	4716	0.484	-0.129	9.49	108.142	-48.235001
R340794	-1.997	4862	1.451	-0.093	9.389	111.297	-49.740002
R341206	-2.454	4674	1.086	-0.642	9.817	18.686001	-78.694
R341590	-2.042	5409	4.114	0.248	11.322	76.502998	-35.181999
R341648	-2.683	4790	1.658	0.221	9.4	48.921001	-76.442001
R341833	-1.967	5631	2.472	0.018	10.418	54.966999	-30.087999
R343655	-1.75	5433	3.245	0.474	9.841	51.403	-84.632004
R344291	-1.811	4956	1.93	-0.009	9.414	71.106003	-44.764999
R344564	-1.591	4146	2.315	-0.826	9.771	28.789	-52.834999
R345298	-2	4848	1.793	-0.735	9.023	120.727	-52.408001
R346323	-0.668	6640	3.954	0.25	10.716	77.739998	-9.0159998
R348139	-2.247	5563	2.351	-0.262	11.32	154.021	-39.931
R348575	-1.288	5929	4.387	0.191	10.888	69.936996	-4.6859999
R348676	-1.638	4944	2.206	0.034	10.465	70.095001	-6.513
R348769	-1.962	5030	1.636	0.319	10.368	138.754	-66.612
R349167	-1.427	4807	1.634	0.024	9.238	152.364	-20.497999
R349418	-2.109	4848	1.507	0.107	8.283	182.59399	-49.039001
R350224	-2.193	4795	1.35	-0.107	8.308	162.071	-68.258003
R350844	-1.982	4646	1.285	-0.358	9.689	120.878	-9.2329998
R351189	-2.597	4812	1.479	-0.137	10.425	97.282997	-67.165001
R351794	-2.58	5226	2.605	0.011	10.281	170.14101	-24.104
R352559	-2.71	4653	0.981	-0.302	9.238	176.17	-4.164
R352561	-2.169	4372	0.541	-0.109	9.344	176.662	-4.3779998
R352569	-0.56	5045	3.361	-0.119	9.251	177.63499	-5.5689998
R353801	-2.08	4749	1.45	-0.486	9.184	182.091	-43.373001
R354590	-1.636	5167	2.009	0.268	10.463	179.924	-38.345001
R355809	-1.967	4808	1.206	-0.086	9.133	173.575	-41.348999
R355898	-2.402	4475	0.734	-0.4	9.583	194.308	-33.530998
R355960	-2.869	5192	1.478	0.928	9.801	204.039	-44.147999
R356369	-1.885	4706	1.221	-0.344	8.485	172.591	-51.933998
R356722	-1.82	4611	1.152	-0.37	6.907	114.876	-55.805
R356780	-0.504	5429	3.861	0.25	10.102	156.42599	-38.005001
R356907	-2.632	4768	1.37	-0.509	9.817	193.429	-44.946999
R357624	-1.786	4710	1.257	-0.197	9.244	158.024	-41.98
R357655	-1.984	4952	1.463	0.096	9.124	193.006	-36.155998
R357659	-2.293	4903	1.402	0.176	9.879	191.717	-37.169998
R358070	-2.855	4825	1.429	0.115	8.791	157.619	-75.724998
R359931	-2.906	4884	1.526	0.196	8.754	214.17	-24.367001
R362666	-1.21	4844	1.123	-0.046	9.357	213.867	-19.642
R362993	-1.773	5344	1.987	0.322	8.347	120.467	-58.404999
R363171	-1.609	4916	1.683	0.044	9.67	189.08099	-20.524
R363640	-2.26	4898	1.307	-0.061	9.238	149.442	-39.384998
R364494	-2.096	5176	2.18	0.622	9.791	199.201	-27.726
R364548	-0.444	6031	4.007	-0.068	10.117	222.373	-3.527
R364629	-2.7	4967	1.73	-0.271	10.177	108.827	-52.868
R364883	-2.582	4659	1.066	-0.376	9.905	203.808	-1.181
R365223	-2.025	5148	2.238	0.308	9.093	214.808	-8.7449999
R365544	-2.228	4786	2.547	-0.692	8.873	181.604	-47.688
R366291	-2.429	4979	1.511	0.036	10.406	229.97701	-24.358
R366337	-2.353	5098	1.599	0.021	10.096	233.008	-22.186001
R366618	-2.127	5046	1.662	0.336	9.599	160.07899	-41.103001
R366785	-2.099	4659	1.2	-0.144	9.537	201.323	-47.407001
R366786	-1.992	4632	0.936	0.408	9.661	201.53799	-47.455002
R366787	-2.16	4495	0.845	-0.364	9.052	201.78999	-47.348
R367553	-1.664	5057	2.299	0.228	11.104	266.267	-81.761002
R368747	-1.904	4117	0.426	-0.677	9.239	131.147	-6.4660001
R368979	-2.184	5276	2.45	0.487	9.565	120.837	-58.948002
R369504	-2.29	5301	2.504	-0.307	10.61	249.364	-6.8109999
R369777	-2.238	6047	3.217	0.496	10.771	230.16701	-23.212
R369829	-2.023	4874	1.836	-0.074	10.318	232.019	-21.750999
R369851	-2.231	5809	2.543	0.019	10.52	231.701	-23.679001
R370068	-2.309	4832	1.515	0.065	9.945	168.373	-47.591999
R370331	-2.344	4765	1.232	-0.034	10.697	243.60899	-6.98
R370376	-2.535	4736	1.062	-0.242	10.352	246.84399	-8.8100004
R370695	-1.715	5254	2.201	0.388	9.823	187.036	-13.183
R372273	-2.035	4976	1.469	0.276	10.264	232.315	-9.6850004
R373011	-1.983	5242	2.721	0.422	10.648	310.98199	-56.608002
R373428	-0.129	6610	3.89	0.077	8.115	317.31	-10.762
R374995	-2.11	4974	1.377	0.022	9.645	206.28799	-44.346001
R376133	-3.56	4292	0.415	-9.999	10.508	292.32999	-55.472
R376992	-2.465	4819	1.728	-0.196	10.466	241.728	-79.491997
R377266	-2.594	4847	1.9	0.26	10.312	207.446	-74.393997
R377313	-2.043	5079	2.161	0.311	10.41	221.73801	-75.168999
R377997	-0.79	4957	2.442	-0.134	10.424	243.98801	-8.8290005
R378716	-2.204	4701	1.348	-0.227	10.04	182.106	-48.021
R378870	-2.148	5097	1.516	0.085	10.308	227.10201	-26.41
R379897	-2.297	4506	0.915	-0.388	9.023	202.07001	-47.499001
R381367	-0.745	5181	3.459	0.048	9.646	320.26599	-13.165
R381484	-3.166	6913	1.872	-0.321	9.146	275.465	-16.604
R381487	-9.999	-9999	-9.999	-9.999	8.591	275.53799	-17.427
R382166	-2.594	4705	1.503	-0.189	11.001	236.981	-15.729
R382177	-1.837	4914	1.944	-0.046	10.775	238.75101	-16.422001
R382527	-2.228	4670	1.172	-0.248	10.015	201.726	-47.768002
R382531	-2.318	4812	1.635	-0.171	10.339	202.00301	-47.546001
R382731	-2.919	4484	1.408	-0.495	10.812	321.85599	-35.291
R382793	-2.7	5034	1.911	0.733	9.352	176.746	-36.990002
R383413	-2.535	4629	2.31	-0.437	11.071	293.70801	-57.630001
R383414	-2.888	5026	2.138	-0.059	10.529	293.729	-57.861
R383533	-2.213	4782	1.184	-0.914	10.766	292.69299	-43.771999
R383645	-2.084	4715	1.108	-0.302	9.747	182.76801	-39.375
R383696	-2.501	4596	1.104	-0.449	10.184	218.851	-18.452999
R383814	-2.957	4820	1.226	-0.021	10.513	330.56799	-5.6129999
R385579	-2.765	4836	1.392	0.396	9.636	335.51401	-80.416
R386003	-2.423	5000	2.13	0.337	9.719	26.848	-80.863998
R387173	-2.523	4710	1.573	-0.473	10.708	236.577	-75.391998
R387435	-2.578	4888	2.158	0.325	9.692	279.05099	-73.561996
R387676	-2.614	4824	1.659	0.412	9.692	279.05099	-73.561996
R388376	-2.659	4590	0.73	-0.494	10.012	3.5450001	-68.794998
R388586	-2.719	4695	1.245	-0.608	8.92	279.151	-71.616997
R388660	-2.451	4685	1.169	-0.176	10.617	297.461	-41.028
R389098	-2.792	5086	2.032	0.141	8.871	223.388	-44.474998
R389883	-2.285	4928	1.891	0.337	8.996	225.661	-46.035
R390530	-2.894	4735	1.718	-0.074	9.908	321.60501	-21.74
R391354	-2.126	5817	1.253	0.459	11.175	236.90401	-15.413
R391368	-2.522	4935	2.246	0.218	10.964	238.46899	-14.862
R391482	-2.386	4732	1.194	-0.101	10.127	315.63599	-16.834
R392790	-2.45	5001	2.057	-0.153	11.107	355.31601	-64.112
R393292	-0.251	5832	4.245	-0.122	9.859	317.142	-17.082001
R393747	-2.198	4537	1.113	-0.686	9.393	58.551998	-41.140999
R394127	-2.191	4389	0.693	-0.684	8.05	302.616	-8.4490004
R394506	-2.14	4853	1.717	0.069	9.741	66.461998	-61.812
R394550	-2.65	4579	1.119	-0.731	10.339	257.383	-60.458
R394590	-2.464	4601	1.274	0.553	10.42	270.67599	-44.077999
R394709	-0.565	5922	4.03	0.101	10.161	15.728	-10.379
R394901	-2.15	5331	2.963	0.368	9.424	309.90601	-10.572
R395162	-1.719	5327	3.229	0.284	10.405	51.936001	-12.247
R395189	-2.55	5145	2.242	0.829	8.461	265.02802	-61.036999
R395363	-2.869	4338	0.397	-0.527	10.196	341.19601	-56.298
R395628	-2.442	4572	0.962	-0.334	8.407	267.99899	-47.859001
R395913	-2.759	4760	0.887	-0.466	9.137	12.101	-10.692
R396417	-1.57	5319	1.002	-0.283	9.237	296.04599	-11.324
R397659	-2.345	4734	1.304	-0.077	9.481	286.56201	-48.217999
R397668	-2.326	4596	1.138	-0.191	9.342	285.74301	-47.019001
R398084	-2.544	4698	1.046	-0.397	10.723	306.18799	-16.091
R398121	-2.125	4730	1.139	-0.181	10.896	307.828	-15.607
R398349	-2.514	4967	2.32	0.071	10.986	306.99799	-14.102
R398430	-1.581	5128	2.998	-0.039	10.304	341.353	-64.973
R399983	-2.482	4817	1.438	0.084	10.38	356.88	-68.413002
R403212	-2.076	4668	0.925	-0.652	10.313	4.1589999	-49.209999
R403230	-1.668	6147	3.679	0.552	10.841	4.2680001	-50.643002
R403531	-1.803	6315	4.262	0.585	10.84	87.356003	-47.391998
R403802	-2.125	5325	2.181	0.499	10.939	1.072	-12.751
R404712	-2.383	4721	0.763	1.957	9.71	89.403999	-51.456001
R405204	-0.754	6041	3.827	0.018	10.69	71.335999	-3.0190001
R405837	-2.184	4985	1.462	0.221	8.652	129.894	-21.368999
R406823	-2.766	4466	1.354	-0.727	9.138	136.92599	-66.376999
R408012	-2.728	4624	0.782	-0.779	9.133	153.082	-32.360001
R408020	-2.771	5152	1.765	0.758	8.356	155.657	-34.006001
R408181	-2.504	5085	2.149	0.817	9.447	100.534	-51.278999
R408952	-2.788	5414	1.74	0.158	9.653	117.101	-48.528
R410624	-2.154	4738	1.118	-0.084	10.055	119.005	-57.094002
R410905	-2.43	4611	1.432	-0.428	10.09	168.888	-43.487
R411279	-1.963	5027	1.421	-0.071	10.281	173.694	-21.973
R411432	-1.676	4494	0.95	-0.799	11.005	78.254997	-1.7869999
R411491	-1.934	4735	1.192	-0.298	9.951	115.143	-46.157001
R413340	-2.384	5107	2.036	0.083	9.289	136.04601	-35.707001
R414834	-1.625	4825	1.58	-0.409	10.078	182.84599	-46.194
R416145	-2.53	4653	1.589	-0.244	9.456	165.409	-50.490002
R417221	-2.682	4837	1.346	-0.078	8.84	202.196	-17.527
R418917	-1.552	6347	4.525	0.668	10.776	174.011	-24.872999
R419536	-2.352	5241	2.364	0.678	10.559	154.453	-48.303001
R419766	-2.204	4704	1.296	-0.179	8.9	224.019	-39.842999
R419816	-2.702	4816	1.769	-0.1	8.74	224.87399	-38.882
R420945	-2.358	4756	1.161	-0.334	10.357	212.284	-48.444
R421238	-2.277	4545	0.833	-0.32	9.873	181.614	-42.895
R421360	-3.019	4882	2.906	-0.159	10.302	208.274	-44.634998
R422915	-2.035	5122	2.293	0.338	9.861	158.69901	-48.397999
R423269	-2.122	4581	1.368	-0.239	9.948	265.15701	-58.945999
R424247	-2.07	5064	1.653	0.433	9.699	184.261	-34.462002
R425244	-1.015	6611	3.65	0.258	10.152	152.166	-2.6689999
R425263	-0.731	6027	3.729	-0.033	10.145	152.97	1.038
R425283	-0.365	6303	4.118	-0.004	10.356	153.66299	-3.029
R425675	-2.684	5056	1.853	0.904	9.573	171.114	-21.919001
R426730	-2.436	4713	1.144	-0.478	8.72	283.242	-57.722
R427142	-0.497	6012	3.985	0.067	11.31	141.22701	-10.748
R427215	-2.028	4735	1.443	-0.428	11.062	193.96899	-38.009998
R427600	-2.071	4684	1.04	-0.16	10.772	290.827	-11.844
R428076	-2.125	4957	2.055	0.286	11.204	218.438	-40.924999
R428993	-2.831	4810	1.56	-0.526	10.654	298.457	-59.667
R430102	-2.563	4662	1.176	-0.345	8.331	265.452	-53.675999
R430103	-2.737	4766	1.484	-0.408	8.95	264.65201	-53.974998
R430132	-2.531	4738	1.276	-0.172	8.882	265.28799	-53.653999
R430275	-1.574	5392	3.431	0.211	9.513	310.04599	-10.924
R430289	-2.649	4668	1.324	0.306	9.537	309.276	-12.357
R431145	-1.943	4882	0.858	-0.053	9.097	287.168	-41.750999
R431197	-2.899	4706	1.498	-0.402	9.139	290.46201	-44.882
R431225	-2.294	5078	1.869	0.473	9.178	152.104	-23.237
R433122	-2.664	5040	2.491	0.355	11.063	260.73901	-71.383003
R433332	-3.442	4981	1.844	0.325	10.484	235.629	-21.125
R433885	-2.676	4637	2.102	-0.69	9.989	299.94	-25.819
R434114	-1.631	5155	2.671	0.274	9.95	222.451	-40.973999
R434194	-2.893	4811	2.237	-0.124	9.265	227.08299	-39.555
R434325	-2.202	4896	1.335	-0.044	8.074	286.255	-19.823999
R434636	-3.281	5067	0.715	-0.192	10.184	265.96301	-53.993
R434834	-2.625	5349	3.224	0.788	11.262	316.67899	-68.473999
R436075	-2.7	5001	1.876	0.379	9.806	194.368	-51.423
R436261	-2.659	4546	1.883	-0.426	9.458	255.38	-70.113998
R437514	-2.661	6240	2.767	0.955	10.973	196.93401	-15.762
R438952	-2.007	4605	1.259	-0.323	9.197	4.618	-39.008999
R439010	-2.179	5390	2.507	0.75	10.431	206.849	-31.736
R439513	-2.411	4689	1.236	-0.352	9.923	274.60101	-38.589001
R440682	-2.356	5174	2.625	0.742	11.014	308.61801	-24.308001
R441182	-1.683	5071	2.593	-0.063	10.778	306.82501	-1.324
R441266	-1.171	4646	2.029	-0.14	10.732	307.41299	-1.411
R441826	-1.923	4639	1.18	-0.231	10.422	275.646	-43.182999
R441843	-2.514	4593	1.023	-0.618	10.608	274.68701	-43.962002
R442425	-1.335	4816	1.252	1.468	10.672	23.444	-27.459999
R443130	-3.063	4704	0.845	-0.26	10.726	309.67999	-0.392
R443147	-0.973	4479	2.499	-0.019	10.555	307.677	-1.0319999
R445689	-1.092	4025	0.773	-0.859	8.879	305.84299	0.949
R445705	-2.477	4629	0.722	-0.702	8.667	308.10901	0.004
R448509	-2.514	4779	0.886	0.338	8.558	299.94601	-5.698
R449127	-2.594	4851	1.458	0.077	9.983	347.513	-77.038002
R449526	-2.282	4581	1.4	-0.388	10.208	349.789	-86.490997
R450114	-1.962	4755	1.375	-0.15	10.461	5.4260001	-33.344002
R451379	-2.94	4840	1.548	0.191	10.761	31.033001	-31.465
R452825	-2.992	4800	1.242	0.721	11.019	0.094	-13.041
R454270	-3.628	4911	0.489	1.133	10.208	116.165	-44.419998
R454319	-2.445	5066	1.744	0.645	9.966	9.9449997	-68.833
R454320	-2.174	4497	1.511	-0.349	9.905	9.6999998	-68.566002
R455486	-1.99	5170	2.247	0.236	10.594	26.308001	-43.042
R456077	-2.506	4562	1.077	0.078	9.927	108.077	-65.245003
R456095	-1.725	4793	1.144	-0.004	10.281	112.598	-66.361
R456699	-3.368	4735	1.735	-0.178	10.132	137.67999	-14.739
R457704	-2.512	4504	0.978	-0.361	9.009	160.142	-70.213997
R459648	-2.5	5442	2.677	1.02	9.733	175.631	-42.881001
R459841	-0.506	4869	2.752	-0.179	9.099	142.035	-11.609
R460065	-2.743	5053	1.716	0.094	10.436	200.541	-43.903
R461121	-2.724	4608	0.968	-0.22	9.809	194.53	-45.108002
R461355	-2.736	5140	1.606	0.728	11.041	196.35201	-39.523998
R461386	-2.402	4594	1.435	-0.74	10.506	197.366	-37.308998
R463692	-3.205	4987	0.961	0.944	10.42	230.31799	-44.126999
R463871	-0.422	5930	4.189	-0.016	12.974	132.73599	11.636
R463876	-2.819	4524	1.163	-0.19	4.786	210.633	9.6859999
R464141	-2.62	4704	1.31	0.314	9.45	286.888	-41.974998
R464721	-2.991	4430	0.347	-0.578	10.741	181.23399	-7.9899998
R464761	-1.833	4812	1.499	-0.151	10.713	184.211	-9.875
R465137	-1.422	4843	1.518	-0.236	10.543	172.46899	-32.542
R465490	-2.336	4717	1.387	-0.025	10.225	322.849	-69.765999
R466154	-2.146	4836	1.44	0.032	9.288	287.48599	-42.199001
R466576	-2.818	5007	1.905	0.656	10.961	228.39799	-12.743
R466890	-0.401	6466	4.214	0.006	9.93	328.48199	0.457
R466939	-2.498	4891	1.878	0.034	10.907	194.66	-45.271999
R467199	-3.113	4989	1.723	0.405	10.623	287.74701	-40.995998
R467253	-2.351	4979	1.314	0.125	10.886	287.34601	-43.898998
R467488	-2.574	4875	1.9	-0.018	10.943	300.72501	-47.653
R467595	-2.385	4832	1.756	0.147	9.25	302.92499	-46.537998
R467840	-2.756	4776	1.903	-0.166	10.662	297.418	-54.403
R467920	-2.567	4694	1.53	-0.737	10.601	300.76801	-57.300999
R467997	-2.338	5251	2.554	-0.508	10.684	352.10199	-72.056999
R468057	-2.096	5086	2.284	0.52	10.69	204.293	-33.005001
R468251	-2.011	4744	1.166	-0.031	10.052	344.21899	-5.0019999
R469045	-1.787	4887	1.807	-0.022	10.634	224.55099	-1.525
R469610	-2.641	4932	1.963	0.204	10.937	353.18201	-60.873001
R469728	-2.722	4554	1.29	-0.516	10.658	232.18201	-22.034
R470093	-2.482	4866	1.451	0.255	10.658	236.994	-20.511999
R470360	-2.543	4649	1.053	-0.619	10.551	230.67799	-17.608999
R471113	-2.475	4768	1.178	-0.09	10.579	277.784	-49.185001
R471120	-2.303	4647	1.125	-0.345	10.574	277.43201	-49.407001
R471231	-2.26	4506	0.309	-0.679	11.437	339.49399	-8.7849998
R471774	-2.268	4841	1.787	0.134	10.479	326.29001	-59.844002
R471892	-2.283	4693	1.208	0.122	10.497	280.19101	-45.609001
R472421	-2.248	4623	1.139	-0.427	11.192	343.11899	-4.3309999
R472487	-0.789	5793	3.238	0.088	10.658	11.033	-60.706001
R473785	-3.217	4195	2.487	0.04	11.942	343.70801	-15.662
R473919	-2.637	4721	1.268	-0.347	9.702	278.48901	-44.425999
R474253	-1.8	5882	3.439	0.226	9.648	30.962	-0.539
R475254	-2.322	4754	1.173	-0.349	10.472	288.14401	-46.751999
R475592	-3.239	4884	0.694	-0.078	10.941	289.35001	-42.189999
R476161	-2.146	5072	2.112	0.513	10.712	1.16	-54.026001
R476622	-1.375	4696	2.027	-0.311	10.542	296.14499	-11.692
R476691	-1.866	5370	3.093	0.522	10.832	350.30301	-42.419998
R477061	-2.523	5229	2.923	0.749	10.971	298.10599	-55.980999
R477330	-2.231	4992	1.981	0.181	10.134	76.831001	-35.507999
R477684	-2.445	4742	1.184	-0.232	10.013	288.33401	-47.507
R478450	-2.004	4381	0.776	-0.536	10.285	340.79501	-9.6499996
R479043	-2.378	5660	3.707	0.309	8.98	74.099998	-15.549
R479480	-2.15	4749	0.956	-0.436	10.847	346.995	-8.2049999
R480012	-1.654	5841	4.169	0.28	11.428	88.889999	-51.34
R480048	-2.431	5263	2.912	0.681	11.261	91.480003	-48.91
R480601	-1.249	4639	1.894	-0.485	11.102	100.984	-0.672
R480841	-2.144	5259	2.304	0.755	9.478	79.190002	-22.843
R481697	-2.825	5275	2.381	0.158	10.982	92.639999	-31.684999
R481842	-2.249	5335	2.63	0.83	10.767	61.744999	-54.098999
R482100	-2.593	4734	1.357	0.007	10.572	111.834	-44.263
